30 1299 1658 8869 1703 1844 3138 5793 986 9851 4742 6143 2105 6071 8689 4064 1263 2379 6783 6142 9694 3197 9894 2645 9295 2980 317 6865 5778 5346 6008 
1 2529 
54 7109 4704 2363 7799 2053 5851 8519 3285 7275 7915 3596 5395 2491 6559 1028 8353 1693 5286 1002 6743 3047 4103 4648 5143 3676 9203 2852 6403 5088 1922 5918 4299 581 9952 2690 3269 7705 3585 9125 4374 7713 9644 8807 5491 3607 729 6659 270 5449 5605 6701 6305 6899 7425 
69 7689 1546 6426 3944 303 9707 754 8258 4626 485 7801 2861 5480 8309 946 8285 9885 6176 3954 8114 7446 2471 4557 9063 3323 4679 5600 1888 9415 9405 560 3338 3451 6501 9922 742 8892 2999 7913 7627 2533 8190 3595 8753 1823 7525 5899 5080 988 1848 1647 1583 8785 1891 3577 8894 7290 936 6055 584 4428 6279 8817 758 7267 8558 2668 6159 5221 
1 2093 
21 472 415 7847 1686 7184 8811 72 7282 1628 496 3237 6187 7523 1114 9358 5487 4675 632 1428 7372 6433 
11 7877 1514 2657 4946 5871 7821 7602 9905 9 8474 6784 
50 2253 8325 8451 5716 7848 6356 6622 3475 2483 6148 3222 2794 3443 4571 8455 6941 2754 9912 9473 1150 2450 4478 9609 6269 6442 7341 2423 7898 1366 293 8101 7754 7195 3752 2066 491 4793 9852 1372 3074 6499 5560 8395 7000 3276 4558 578 1552 121 8534 
15 8623 6920 1221 1328 2068 7155 2787 1063 9409 3377 428 4775 3727 732 516 
28 8645 7959 1068 1915 1253 4110 7856 7664 8153 7875 9192 4884 5633 6184 3337 4254 805 5978 3789 1742 8514 7314 7999 6169 6678 3868 8763 9525 
6 9010 776 730 948 1845 6662 
5 6399 7440 6923 547 7924 
22 3784 3652 7617 603 8838 7159 6828 7940 7443 7672 5521 2867 1963 407 1456 657 1591 2349 3279 9026 3525 1073 
1 3305 
1 4832 
63 5675 1 6836 6368 4597 1155 8875 2350 9291 3657 7588 8301 8282 1123 4465 6733 8508 203 21 3083 8905 5174 1265 973 3335 9375 7764 6633 5838 1251 2462 1069 9524 2162 8031 885 2507 1989 8736 2108 5137 1526 3826 8416 4620 7987 5040 5394 4540 9535 5708 9859 6059 2431 9631 6958 969 5825 162 9028 9603 2309 5685 
5 1879 260 6415 1341 8900 
1 120 
25 1810 6870 8639 5986 1883 1369 1655 1571 4039 2077 2811 7059 3576 3910 9558 6387 1347 2257 8444 1375 7885 9769 9819 198 7676 
1 6469 
1 8484 
45 1257 5969 9271 9057 9617 1524 2250 2539 368 5106 1444 9949 645 6685 9410 695 8673 2969 4102 4295 1544 7454 8923 3599 471 6937 5764 495 4493 6705 9555 8430 5820 4035 4713 8045 5828 3958 1884 1453 2099 8563 4752 6555 9582 
1 2398 
84 4397 1004 3955 1331 4856 9460 4847 2548 191 1528 3093 677 6722 2908 842 5550 5024 7573 5664 1246 8020 9350 9956 5887 4905 1260 3360 3653 1607 8187 6527 3771 7755 9077 2792 3019 1827 3619 2495 829 925 9771 8742 7599 7512 2229 3529 9439 6629 5894 4861 9720 5617 5270 857 1733 414 7951 1927 3918 8169 8473 8979 262 5300 3908 7376 4818 1087 7131 6360 1473 7688 853 8015 7214 2315 2488 9637 6146 8129 7007 9513 942 
1 197 
1 8715 
13 8734 1254 680 4275 8230 7795 5438 7968 618 4283 8591 9018 2729 
1 3250 
30 2266 2050 4413 8628 5204 8348 9889 7114 527 1172 6549 8597 1029 8907 4320 7167 6052 3708 1517 112 6235 3672 8252 7021 511 6679 4208 6761 6246 6513 
72 6595 7729 1500 8554 5706 2131 9828 9039 6003 5320 1295 7893 3731 8367 3654 6487 5165 6632 1284 8783 4593 1199 5979 77 2433 435 9838 6566 6736 5445 6376 5712 403 2226 5189 524 5155 4555 1951 5994 6031 1122 4132 9788 5074 1868 9480 9691 494 5852 8853 6962 4654 3692 4384 6598 4920 907 3313 917 6135 4767 7208 1252 4914 2712 3470 47 1050 6443 381 4258 
16 2943 1136 7862 5731 9586 5842 4402 2014 953 6174 4336 517 6968 2300 4516 5676 
35 6105 9973 6450 6088 6739 4352 5158 4055 1361 9098 3137 172 2821 103 3226 8658 6801 3013 4333 4618 2046 2837 6825 1530 9857 2143 4502 9893 3024 4670 2842 8243 5470 4572 1058 
92 7229 1438 5126 9359 5051 7031 8320 5269 1569 3280 3162 7176 1839 5115 4725 4966 2307 1037 9197 7857 9119 5431 9879 8972 4666 3543 9529 2393 5682 6672 5489 7474 2815 9254 5154 6259 7274 7272 9846 4816 6813 4266 6420 4915 4209 7911 5252 5598 6946 8988 9137 5699 6007 9153 6495 6716 8376 7299 7012 6848 1709 2924 4931 5628 3244 8975 7645 9626 3936 3069 9737 1214 8347 2544 8016 2149 7193 4492 9252 5494 7683 2006 2814 4538 5880 8313 664 6636 8691 2576 6271 211 
1 2437 
1 1793 
61 3064 2304 9005 6532 5384 1516 3488 1931 392 8585 4422 4958 2710 4988 3996 6901 8359 9158 3459 1219 3783 8271 7507 4188 6741 8064 2088 7315 6085 9182 6327 3846 8750 7352 6218 7107 9618 9199 4792 1286 4262 7745 7860 1107 2705 5162 6712 5075 264 8888 115 1010 2998 9962 9195 6954 8578 5988 7140 1357 2025 
1 8978 
1 5081 
5 861 8139 2371 66 2634 
1 4928 
1 4054 
4 9763 3004 6907 7804 
21 5142 4846 757 4844 9247 8408 3188 4479 1502 2102 6053 4154 9645 9724 9101 9365 5882 9325 4027 20 3029 
1 7808 
1 4513 
9 6951 8317 4020 5135 7312 9729 8744 1478 7938 
1 7858 
1 9313 
1 6656 
1 2231 
28 6562 8117 3489 5391 8527 3824 9132 6320 3795 9651 8552 5199 3101 2593 9156 6303 4140 6343 97 6238 6132 2807 830 8776 7734 4508 3002 8772 
72 6959 2186 960 8119 6341 2274 6818 6332 4939 5695 1080 2242 976 7177 6051 9778 2476 6767 5983 2703 7016 1145 5840 8819 6004 7092 4736 6384 3381 2302 7435 2721 3583 63 8944 8154 1968 825 4160 1077 3925 1603 8795 720 3816 990 8780 2897 3245 2806 9030 1857 6441 9557 5419 1912 3635 9421 8967 6281 8443 7817 6503 7912 180 1356 641 5398 104 5399 7854 5631 
1 470 
1 5358 
133 8033 6243 2473 5656 7519 2501 9814 1769 1466 784 9554 5321 2166 1355 9957 183 4719 5267 1208 7076 263 3634 490 1132 387 9110 6064 3392 5647 6013 2056 1105 2294 1670 635 4912 6849 5293 1987 2179 5128 4368 9253 8361 4417 2855 8242 5992 5113 557 8659 6311 7947 1370 3419 5800 7389 6553 5287 8268 9528 1012 4191 5650 2374 70 9810 4244 2408 7238 1092 7958 5020 7772 3526 9491 1362 8362 4156 4810 8865 5609 537 7489 1867 9123 8396 7283 9803 777 2319 7480 2464 7758 463 3199 2203 7423 6079 944 8844 1580 4220 2932 9114 7884 384 5273 8708 3081 9681 133 503 3132 8010 386 1240 7887 892 4041 9539 9999 3773 6905 7157 1225 8548 6900 8032 6110 6465 8752 9736 
48 6005 8005 8368 7693 5719 940 8594 6390 4567 2884 3468 8454 1829 7110 2694 3356 1026 7294 4895 1089 3886 5879 7685 7 5960 4326 2425 3510 3742 3445 1015 4688 3085 8942 2970 1190 4510 8629 3406 1406 4337 3023 8370 2074 8124 4820 8816 8887 
42 9874 9011 8754 7353 2082 4903 3520 3962 2707 734 2176 4547 3362 8920 2706 2692 4026 6398 7099 3340 5289 9303 3131 1601 1679 4731 6362 373 6667 6893 7346 3354 5563 2312 6953 6131 714 9176 9318 3512 5627 8308 
17 972 9414 426 9357 5561 1185 3568 3788 7478 7550 9610 249 9862 6691 3988 2719 5418 
39 7087 4770 9074 1551 1163 865 4835 5312 2960 8337 9902 712 6095 8676 7431 6502 5385 6388 126 2948 2197 5290 5672 1532 4927 821 8132 7502 5971 8507 5920 169 8929 6074 8947 7820 17 4439 9841 
26 7163 5985 3011 6645 1962 278 3939 8435 6880 7217 7806 998 2133 1605 9086 4233 6119 7620 7673 9233 4143 2588 3263 4426 8809 7223 
1 9604 
65 5942 812 4659 3166 108 9260 7075 8671 2043 4526 163 572 4364 4024 1455 1623 6164 2612 9968 7840 2638 9334 132 4271 2436 8479 2372 6843 3834 1759 8981 8213 5421 9677 2909 7619 4002 2901 8486 2214 1830 4657 6612 767 3547 3431 3407 1045 6591 2631 4954 4812 4990 831 3668 6195 3032 3030 8825 6012 160 1731 1625 3368 2975 
1 9481 
2 2324 7310 
1 3141 
1 4085 
1 5025 
36 8442 7090 4475 7220 3321 3281 7473 4778 3774 8700 999 2030 7641 253 9705 7762 6626 2270 3086 2314 1654 5576 9878 2503 192 9547 9265 5073 8792 1209 8140 4112 442 5332 9597 8941 
1 1649 
26 685 863 9689 2460 8109 824 5034 251 5330 7288 1783 6494 4556 5061 8921 3740 958 5727 9532 1636 1727 9438 8799 5027 8707 9633 
1 634 
1 1382 
1 8354 
84 3632 8893 9802 4091 6521 5830 3947 8072 590 4380 8333 9904 8806 4351 7630 1970 5751 9457 9061 4705 7464 1646 4580 5409 868 8272 3978 3912 4592 5353 1843 6842 8248 8627 5661 9731 1336 1908 5900 3040 2123 3107 7767 9730 4385 6121 1889 9348 2602 6859 8326 2532 7391 5211 6993 2213 1784 4421 9275 6689 9403 6063 2594 9319 2004 3706 9261 1120 9370 5208 3808 7909 836 2667 2054 6291 7834 388 2751 5356 4012 1454 5259 282 
131 6428 6581 4949 4324 7254 227 1274 6212 1622 9485 5630 9807 427 9034 9289 8111 7344 4378 9976 3435 7955 525 3 5001 3798 4568 9080 6434 9017 9725 1707 5239 3342 8439 6795 1933 2940 4691 1913 4987 2463 6470 4395 9496 6851 2097 5977 1819 7228 3920 1804 2892 9499 5474 5990 6820 9966 4211 4991 3736 3111 906 508 5624 7733 2079 4053 1474 8515 1024 980 2684 4023 785 9794 107 2185 449 4562 8535 7383 4575 1511 345 3801 4799 3223 8092 3077 510 7866 178 7008 1998 4728 1744 4389 3555 8186 2219 4267 9722 7058 8043 7241 28 3913 2451 8203 4610 122 7748 5063 307 8688 2988 6083 8231 1333 2040 492 7585 834 6307 6026 202 6772 6325 6439 8982 6774 
2 2741 4410 
1 6875 
27 8389 3261 6540 7273 3965 6072 2669 9698 2287 7536 6266 3080 7593 7827 5607 3835 2985 2016 1169 3751 3869 6400 5518 4245 8571 4537 5285 
47 8697 3648 8646 3299 2580 3499 7697 1083 806 6550 3477 8022 6918 4282 4459 8930 7797 8581 2642 4554 7263 8695 8357 1350 2249 5161 7013 6698 529 9021 6960 4921 3273 1578 3343 643 1982 3021 7005 3375 3870 3787 3569 2329 3572 6964 464 
1 3483 
11 4823 3626 3386 556 9512 5184 2288 9486 2278 4608 8218 
1 4744 
1 5599 
92 4260 2399 3984 1076 7198 2475 9585 7261 4901 8943 1738 4743 9227 7992 3001 3248 1664 3950 4645 5483 8587 2699 1790 2566 4387 4281 2917 7982 5369 3144 2678 4168 3487 118 1096 6318 8351 6902 433 5597 9105 2224 8293 8767 4047 1957 4120 2534 995 4048 7130 6533 1115 3564 8475 7187 6841 9420 8909 7825 2875 5256 9977 2621 1233 3805 1825 6298 6381 8233 4216 3621 6991 5769 3554 6025 2605 3403 5888 4774 5722 4051 8425 1866 2388 9900 5013 8633 2737 7647 1488 2810 
1 8401 
1 2327 
1 1950 
1 3779 
79 4878 6972 3446 6984 5015 2173 7071 8355 1036 6389 8915 8316 9099 2797 7632 3679 2541 9500 9463 276 8292 4698 1147 6205 1255 5351 5570 2615 2171 3927 4687 2789 2360 864 2137 228 5589 2095 6100 9833 6586 2733 2369 8616 5484 6178 7948 5927 391 2866 4138 5091 4004 18 3206 4159 1159 255 1872 4781 8197 3563 7027 585 1900 8511 3874 4369 7345 1594 2508 1447 8014 2080 5393 1901 3712 1648 9849 
1 6548 
1 4354 
68 7309 369 8503 4609 8055 7460 4868 6728 1861 9534 4059 8083 4097 3366 8224 2688 3885 5224 4563 9527 2322 4280 3041 9056 4062 9842 2303 8116 4014 5768 4865 7549 8185 8917 1543 6454 2727 4511 7811 4848 9217 7500 5347 7410 9782 2422 4631 7933 1495 6353 3796 8635 401 5464 2132 7211 9653 2148 9323 1135 7050 7905 8959 7656 5648 7687 8456 2776 
2 6321 7568 
29 9986 4783 4630 648 6742 4738 1471 8928 9112 3344 3649 9941 6763 3134 6078 4838 6349 6721 6924 9212 335 8821 6631 2982 2869 796 7194 3436 954 
70 7694 7472 3465 897 1158 9175 1973 7265 5265 8751 1985 6674 3666 2282 7928 4033 7252 1509 4674 3895 5989 4367 4509 8866 218 6191 6385 2973 4192 1383 2510 4197 9290 6033 6328 1602 1461 1258 3113 4360 3191 2958 8904 513 4180 5003 3552 412 6682 3767 1297 6156 6373 6116 5026 3433 5331 8522 1878 5006 4998 3829 2784 8601 4155 5554 1977 4106 4669 1216 
1 7189 
1 6455 
1 283 
1 3048 
23 9658 5141 5429 3884 5736 6228 9881 7146 4256 418 4595 2581 4833 1156 8599 5271 5295 7963 3394 6663 1705 8096 9551 
1 5981 
1 8694 
1 876 
1 7874 
43 5525 1304 5811 9780 7844 217 8801 2196 6686 4977 5457 5451 8319 4128 233 1496 3329 6335 5993 2142 2445 7462 7612 7355 5340 7555 595 2671 3092 845 3674 1762 6081 1137 4541 1188 9250 4269 8918 9920 3861 649 7899 
1 9237 
1 9684 
44 6262 7974 4795 8374 2731 1338 5352 9343 8060 5702 3871 5406 5133 2052 7432 5032 3793 9326 3148 647 977 644 2404 4098 424 3930 3977 9542 4546 4973 5622 1116 6838 9834 5660 7514 4342 7739 4924 5870 6916 748 6490 2022 
72 1746 2103 9396 7484 8953 8324 8131 5814 5302 2764 2568 3314 3914 7415 2023 1741 1610 4837 1657 8827 2416 4548 6969 481 2010 8800 9924 2317 2653 4561 9630 4707 5847 840 6831 4418 8199 7101 7428 3307 8881 6222 6134 6370 1094 7649 7506 3700 1840 3614 6846 9860 4637 2676 9386 7451 1391 5309 1001 3357 7325 2486 1023 4962 337 8529 5931 7783 5417 7964 8804 9823 
1 1230 
48 7603 6082 2128 1489 3220 2673 2435 4255 1765 5493 4489 866 7546 7133 9746 6090 2359 6830 2364 3726 6874 6107 9002 9946 2470 3109 9301 5373 8379 8466 7531 8685 8175 7342 3792 4179 346 6251 8704 6058 3422 3458 8332 7836 9374 566 2342 5072 
1 8194 
1 3690 
1 7270 
1 4359 
1 7975 
101 804 8756 5056 8223 1091 7925 4951 8545 1882 3119 95 4263 4900 7144 5036 209 4251 6861 1316 8397 4093 8746 2145 7541 9815 6520 3537 2718 2075 2215 4006 3212 5343 3697 5212 5848 5723 5884 7644 507 1858 506 6162 179 7452 3466 9277 6209 1997 4986 5752 5094 4063 9400 8505 1177 8056 5410 9622 4784 2119 1013 1650 3213 803 9305 9728 2558 1351 7837 3308 1343 8706 5761 6641 6153 12 7470 6590 7534 1728 9376 5951 1161 7121 3232 7134 4583 8 4056 6467 7486 4578 9008 3535 9354 151 3400 9353 3045 4594 
76 5197 1031 5166 7624 4273 9993 6700 6480 8885 3266 2790 54 5850 932 2677 6129 3175 5076 486 5976 1567 3349 4040 3664 3703 5646 6302 2701 3854 6016 5229 2045 6854 9932 798 2432 9575 5202 4854 9433 9431 1384 7881 5037 1394 1206 8304 4667 1584 2255 9036 5734 591 4699 8427 2843 2911 1971 8631 532 8636 8412 1449 3293 8846 4242 3097 903 8037 8102 7681 2991 2549 3749 3152 3663 
3 3401 1624 6066 
1 3473 
32 1322 4918 3017 3229 2456 4633 2816 4353 4979 823 2089 8608 772 2619 5039 4735 6867 8279 1763 1513 8855 8173 2407 9536 686 1719 4992 3493 7368 4643 7064 7069 
1 8916 
1 9896 
1 8495 
83 3179 620 7710 815 3904 5407 9270 6531 939 538 7124 4488 762 4870 1685 531 3467 1710 7085 8214 3172 3986 3523 2441 6401 6621 1371 8912 8925 7832 717 9757 1800 2204 9339 5523 4100 7457 8236 5372 8235 4317 5043 6286 8331 7407 3469 4829 3943 24 2348 2825 2125 1112 4892 871 5684 1431 9204 9314 7906 7792 4534 3828 2192 4864 9700 9487 1838 6571 8557 8748 8449 4505 5572 7583 1611 9450 5468 3352 6751 1103 568 
56 4219 7818 3966 7306 4471 4855 9249 383 9599 605 4339 5502 7199 6894 5681 2740 3956 2903 8358 9404 142 3817 9306 2962 3820 4498 7051 6518 8460 6738 8138 8862 5172 9866 5000 6615 982 3896 6345 9012 3241 7141 8098 5621 5929 4862 6011 1529 5203 1084 9109 8288 2370 7626 5678 2216 
16 9812 3061 1678 6649 3923 2661 4512 9032 5225 9206 7434 2047 5495 2449 3983 4437 
1 5007 
83 4066 1131 6780 826 5368 3087 6579 5858 8345 31 4379 5580 6745 8864 8498 6654 2001 9426 703 2622 3306 6930 8306 279 5683 3997 8239 4972 7018 4790 5546 6824 7209 6029 65 2206 8922 710 3952 5337 8344 4836 7655 3328 765 9917 592 7596 6367 6805 2695 1301 1620 9228 5743 7334 955 409 5364 8802 2380 9444 242 5718 8115 195 6809 2938 3136 3062 6755 5737 2887 7125 6414 9138 7498 6394 8136 9579 6432 1853 9550 
1 6180 
1 3218 
1 1008 
6 2165 1538 4762 9926 6542 8302 
15 3058 573 1940 4763 5932 85 7972 3982 4301 3012 7615 8643 3059 2623 2523 
50 7625 6166 7852 7170 1503 2063 7944 2521 6260 9938 1555 4879 8758 950 8147 8831 9944 7123 8510 3532 254 8528 1207 5962 285 6862 3020 7814 9577 5643 5907 9511 7139 6921 1643 3217 9652 6797 9226 4690 4623 6569 7945 1640 2245 1652 5750 6719 1019 8135 
73 6610 5430 8210 5913 7399 1423 2724 8760 4086 274 2109 7515 3490 7286 3567 8549 6114 3602 8745 1043 6775 3661 2247 981 2728 4205 8839 8168 1401 9209 9221 5319 4887 8238 1630 137 872 406 4761 1559 5901 8436 8739 165 8294 8071 8589 9465 6977 7400 2406 9703 2356 4163 1213 6702 6199 788 6104 3838 9505 4081 3963 963 2565 5666 8352 2019 669 1859 8908 3178 6506 
5 7258 5816 5205 6932 2902 
1 7266 
1 4362 
1 1634 
1 4600 
1 3931 
58 9385 357 4425 1990 3757 5308 6655 7210 1684 7033 323 778 775 3163 6386 5068 2230 6915 1789 1368 9000 8525 2900 3428 4198 755 4316 6427 8163 6955 6665 2881 1334 166 2626 8221 8126 6788 5974 9982 4723 3146 5558 7332 1651 7067 7354 4930 2261 967 8091 5575 1739 1164 5379 2579 4956 3891 
1 6297 
1 6372 
77 8678 2159 9027 3454 339 8630 7529 2767 8790 7161 2788 3471 6709 1232 4195 1617 4007 8421 3778 6887 5277 7594 3617 5466 5095 131 593 7453 1688 2461 4294 489 9240 1627 9854 2647 7562 6344 6458 8533 3584 7224 5367 2262 1403 5806 807 1638 5935 3022 340 5441 1445 6352 3402 4296 6711 8550 6832 697 7589 4596 6140 4176 9516 5344 5375 1171 7257 6254 2817 100 3758 244 725 8803 1661 
1 7204 
60 6117 1723 6185 4615 8517 8989 9154 3881 2762 6317 1642 2028 4072 1588 6339 143 4745 3852 3517 6675 8093 376 8880 4409 8779 4809 2412 5105 88 6847 7960 3862 3255 8935 7610 5253 6043 3865 3970 4331 2809 8167 4292 3327 6207 7965 6383 4121 6714 6904 5108 6076 4010 447 7819 2498 3688 6858 7600 9643 
1 1937 
1 9766 
5 628 9004 2467 5021 8720 
77 8205 4061 8160 4545 1682 4619 9023 4971 5890 6939 1876 5818 4238 297 48 8637 6038 1590 8950 1791 1170 5584 9517 7516 7160 8553 3486 3230 1637 4913 3292 5841 858 9429 6547 4462 7578 2122 134 14 4314 7066 4080 4786 3586 7823 1419 9160 7079 8732 8391 6133 1287 1774 7941 2070 2031 2571 3325 8487 9706 2691 2390 9050 1388 305 6913 7732 989 5093 310 3718 4423 559 737 7234 5002 
66 450 9001 4750 5788 6896 1269 5949 1618 5207 154 4813 3274 374 124 3161 6546 2986 2913 4681 4396 1245 6574 4420 1411 1242 1016 1047 8891 7565 6544 1586 3889 6248 3603 1903 6077 4772 5035 7736 4532 1039 4363 2714 2624 3695 3271 5450 29 7035 7558 5996 4265 3038 4431 2354 6418 5943 2589 8146 7897 7570 8762 1533 6768 3655 7533 
31 8620 5328 1928 8712 4108 1054 8065 296 2959 2527 8047 8483 2516 6479 4624 7631 8061 9208 3689 6787 1960 752 6810 6986 3066 2632 3645 287 6126 235 123 
102 7256 9198 1272 7126 8718 93 4162 9619 1451 9702 5322 5288 1690 4491 7812 1541 1757 1715 9863 8539 6136 7073 2968 379 3969 741 1476 3168 6355 2744 2832 6692 9412 2376 8244 7465 713 444 109 6028 8814 6115 3830 9990 1795 5873 125 6628 2334 9390 4464 2072 8992 6715 9734 3629 7370 9831 9090 431 9883 1106 6486 3825 867 1288 1672 9234 1464 8478 7991 2511 2682 3945 4840 5891 8670 5833 2402 8371 300 4448 8998 1792 6050 3747 8260 1395 3561 2700 7301 4756 6561 7774 4934 1079 355 7737 9786 5872 9748 8962 
1 8716 
29 9848 5065 9422 372 6737 4419 9573 9611 6884 6289 4306 4570 6639 1716 6040 8029 8151 2927 8524 2520 3842 4365 7479 5087 827 4663 6471 1629 8497 
64 3260 749 6158 3270 5509 7409 6762 5792 3677 1358 4997 6587 9293 9477 9483 7054 8986 4028 5845 4069 8040 8493 6429 1708 3079 8403 5730 5748 8741 9666 8723 9906 4450 9647 4528 7616 6724 301 7789 3822 7504 3478 1318 6523 909 8822 6624 5194 1880 3463 3472 6853 5641 4531 2660 6855 6006 157 2505 2641 2786 4653 2656 1249 
21 6329 4376 3304 2002 8652 3734 4919 9363 7218 4404 129 4456 2560 398 3916 7459 4656 9587 1061 7271 9914 
1 7747 
7 3974 4902 7103 882 7882 9108 9519 
8 8938 7520 6045 7403 9024 9656 8225 2953 
31 2574 1044 8188 2879 8796 7278 5146 9285 3196 4787 2597 8842 5687 1974 3593 5092 411 2062 9683 6264 1706 4678 5819 8219 9379 1535 8035 9847 9471 5280 4490 
1 2559 
6 6508 8690 889 9331 8329 5536 
1 2104 
1 6942 
1 3159 
32 5177 7853 3251 6075 518 9066 3393 7861 9801 5732 2905 7145 2685 694 7083 7215 6596 9068 5998 5728 708 7004 1027 6938 5190 1490 4814 1262 8030 8402 3509 8110 
1 5471 
1 5924 
1 3143 
10 567 3303 5422 1018 488 2455 4686 7364 4943 1714 
8 4601 8405 2034 7702 8984 7517 4414 8269 
1 8580 
10 4092 4606 3714 5389 2871 9638 7363 818 9214 7553 
14 6224 637 6288 2826 3140 4727 7542 98 3334 7010 8081 7319 4908 624 
27 3037 8240 3189 9135 1936 8018 6545 2704 240 2026 8823 7477 7438 3345 1085 9886 6396 9162 639 6560 5817 9455 5085 1034 6039 1046 1887 
1 3056 
12 7785 7255 8836 3539 951 4482 2556 3769 1237 25 9813 947 
1 6094 
49 6677 4952 9367 8606 8023 2709 6272 4755 73 4187 5281 7231 533 7921 3799 1732 9546 1778 7564 6919 4876 7404 7939 4880 2675 349 7843 6684 4811 9798 7757 4212 4938 5982 9342 5191 8284 1244 4504 631 9570 4536 8813 4897 4569 2151 505 5741 1743 
62 9459 38 2238 4995 704 5444 8105 7831 8994 3957 6358 6103 1200 6829 4131 7052 575 2326 1193 5234 7420 196 8024 5405 1167 7378 6511 4276 9508 1906 2155 1481 8159 6614 5338 9608 3743 1483 2964 9809 7287 8830 3613 2680 638 237 3498 7247 5404 7398 7967 2211 9015 3897 6952 7778 843 7888 6909 650 2883 213 
22 8603 7037 3192 55 7165 7738 7106 7068 5114 140 5317 2783 7188 3594 5701 8755 5437 5995 2059 3600 7917 2925 
3 9177 1413 1613 
1 8200 
6 1721 3252 3142 7056 1352 315 
1 6834 
1 4613 
1 9744 
15 1557 959 7532 8300 6 9399 7717 2160 9341 5380 7081 8810 1697 4226 9222 
2 9424 5016 
1 4737 
16 2760 6216 3935 4429 8465 9774 3768 3890 4207 913 2073 3570 4308 759 617 5232 
19 9690 8964 7902 5248 2575 1314 1142 3399 9124 1201 1729 1311 6906 5649 5485 321 5812 8901 5029 
4 4598 7237 2290 4037 
1 8531 
1 6688 
12 5018 9163 1392 7540 5592 364 96 9170 7779 4695 7788 3624 
1 329 
1 3193 
1 4712 
1 2340 
37 9407 7284 8382 9022 1871 744 6536 6014 1381 1426 367 6035 5579 3437 1537 8593 5972 5963 3046 1952 652 7171 5620 887 3850 8195 155 5452 8265 3224 4470 4161 2110 4815 3464 3946 5359 
13 1988 5874 3738 9280 342 7930 5720 8038 7437 3633 3928 3609 9411 
117 7914 1681 5544 3804 2271 9665 9657 8661 7711 8343 404 5755 1374 6034 5904 2295 3182 402 7233 6241 4228 4330 1189 2258 6461 9533 7036 5567 658 6125 2804 5564 1119 9576 3949 6089 8898 9910 1782 9509 8012 4522 501 331 6276 9945 3836 6406 2637 3588 5885 3121 6821 9296 2367 1097 4733 1593 3150 1856 5235 5481 4692 6449 4361 9033 7838 3408 3100 4916 1325 9372 1378 5274 4642 2547 5243 7128 562 8433 6226 8452 1222 8520 1521 6084 693 996 6799 2344 8852 2121 9279 4747 576 199 9713 4500 4199 413 5432 6054 5601 5193 500 1470 4890 5101 4461 5179 1153 9530 2454 3728 9991 9965 7168 
5 1667 4776 5139 4859 7563 
1 7029 
1 2485 
28 5760 9183 6911 9259 9427 3372 1656 1581 8641 7102 56 5799 3108 5970 2723 3981 9553 860 4218 7557 673 3184 52 716 3007 2942 2907 4453 
1 3282 
28 8036 6127 8470 9639 5586 3990 2646 8428 5164 4841 3389 4888 8990 7135 265 8940 1701 2428 8815 5486 1268 2543 9064 4343 4133 3157 4094 5275 
1 1379 
1 4709 
1 6524 
55 7890 4975 8051 8181 6194 5856 9733 9567 8719 728 2601 2616 4641 116 2961 210 642 5279 1671 1894 5677 2976 8377 6505 6999 2896 3546 3887 2545 1020 9338 9451 8270 783 9255 9580 1279 9758 9578 5635 5497 5469 5770 9432 6323 5789 6898 3053 6044 5762 9016 2895 3721 8735 2444 
1 1916 
4 1771 9972 9335 1598 
1 5780 
6 6060 4016 1606 4074 5111 6338 
3 8489 3723 5426 
29 2310 5255 6978 3317 5611 5686 7556 2518 9923 6607 7962 2827 3284 4664 723 3699 9824 2904 4591 5698 269 2275 8667 3900 2199 9152 3933 5827 797 
60 7724 6137 5821 7722 4923 1319 2493 4873 4964 8069 611 5236 8133 234 7057 6404 5937 7953 7813 8993 7483 7524 6940 2041 6585 7002 1317 6181 6206 1463 7749 8491 9312 6892 8002 6193 7302 4947 1986 5517 5357 4877 3646 1832 9401 7657 2434 8512 5746 2929 3404 5839 3993 1633 5688 9998 224 5122 3070 2702 
1 7780 
1 1497 
38 4514 5893 9687 9641 4124 2277 378 5378 7703 7044 7296 5044 7262 8137 9855 8882 6777 6334 9069 7725 5906 4584 4381 3444 7089 2487 2413 7809 5559 579 3395 2291 7530 8955 6342 2067 7659 3173 
18 168 5864 985 5805 2325 7508 5017 6366 6840 6020 5402 2716 3421 4285 5477 1803 92 351 
20 8655 6601 9563 3670 6512 3319 3580 9085 9953 9479 318 2311 2972 6223 3287 6625 2564 1231 9837 4105 
17 9281 248 1801 3418 84 6617 9278 6316 225 5729 1972 8041 7153 5257 965 9715 4932 
4 6483 4270 6290 1902 
11 2923 7433 2377 4706 9262 7192 9167 7424 8095 8622 347 
1 5110 
90 3832 3219 3006 4851 9975 1144 7201 6868 3859 1862 8088 7784 4993 268 6850 6009 1635 30 6740 1553 3497 7671 9541 5767 7579 396 3961 4726 6242 8079 7098 1093 8764 9308 1947 2640 3780 3063 171 400 3631 3893 5859 7824 7429 8311 2611 2504 4009 4685 343 6726 6457 4843 7043 7829 2592 3843 1104 2553 4672 454 2027 5549 5707 2598 6354 3849 9624 9994 5514 5975 9287 4411 5541 284 8179 4484 5551 2528 859 1280 616 2910 9503 7303 8757 6725 6438 6249 
28 7317 7726 1218 2926 5905 7518 801 5802 4000 6981 8212 2666 9464 9490 3967 4036 4644 9958 9697 5776 8341 8156 58 8868 9950 2292 1978 1181 
38 9504 6609 875 1796 239 2094 6594 246 731 7635 7298 4668 9844 2630 1469 6192 8702 3566 1653 7385 1837 2781 3094 2643 9672 6582 5120 7017 9218 4961 5240 5573 4886 483 814 9711 6435 6048 
1 4416 
61 8625 9699 782 1632 2818 4015 2935 353 3669 3880 6994 2338 9398 6322 709 9244 3133 37 8192 2608 5443 8209 7846 938 1270 5857 7127 6752 1467 4148 5168 3390 8298 5763 4970 9712 6068 9518 3814 1820 9716 8576 3495 6575 5342 521 4344 7339 3578 8303 4223 7714 6273 6802 609 9082 4978 512 8310 4222 6611 
1 4959 
1 3754 
64 3698 5519 5217 9770 5809 1346 9238 8211 2585 966 7447 9602 9315 9936 7919 5048 4289 4981 9294 7990 6966 9436 6015 1626 4708 4468 2865 696 3642 4325 7535 2180 4158 7604 808 5957 9709 1561 509 5268 8731 1182 4345 1332 8777 5655 9142 763 9046 8253 3959 5215 4741 1534 7200 9605 3924 57 5909 8062 7998 9071 7072 6080 
72 4088 1929 3729 7122 7979 453 7335 536 2345 1683 545 2878 1300 2748 2782 4646 1022 8538 7640 6408 3528 2738 6236 1224 1487 9020 5119 9552 2465 6086 1118 884 241 8604 8945 8066 881 2834 5694 9245 7971 8818 8976 2458 5739 5442 6468 9364 119 2361 633 8899 4268 5626 3129 2269 6730 6604 4008 3641 6734 4984 247 441 580 1699 8640 8738 1886 9572 5956 3853 
1 7551 
26 902 4451 9003 2812 6789 458 2015 1248 4617 4274 7225 9741 3591 9948 6713 2118 3456 292 2170 5640 7471 9423 600 6957 8879 5054 
1 819 
2 6147 3909 
23 9870 3336 5745 7765 7936 6067 5787 4749 519 7740 6149 5507 1946 1432 149 5365 3737 7623 9025 9493 1296 3761 1261 
24 2318 3088 437 390 3760 6786 8283 5991 787 6139 4332 5921 2934 7350 4604 3658 8087 2492 1786 8459 7492 4305 6447 6141 
113 5919 9895 2156 1781 5756 4111 6936 9710 9041 5033 8570 6422 2555 9882 8419 2237 3623 7024 2117 6759 2941 6992 5836 4460 6883 3872 1273 5103 2918 5413 5138 9927 3432 7501 1148 348 554 9867 5669 1452 945 9470 3409 794 4277 9995 6253 4893 6239 5473 3531 1264 4136 6882 6189 1259 1941 6300 8521 6790 6917 8198 886 8609 8247 5829 277 4649 4372 7802 8241 2853 9971 2385 9469 3710 3527 7497 9628 7039 2665 2333 5098 9332 690 3082 7348 7113 4113 1798 8398 6642 8721 1518 7248 7904 5569 9827 3481 8202 6798 1409 4822 9523 7053 4164 8340 5453 7285 9389 9081 622 5531 
26 425 2898 6010 3745 809 2899 176 4945 8228 6109 2551 9934 1726 3786 2696 1814 4146 4109 3684 4438 6782 5428 6270 1504 1396 4780 
75 5069 6472 8349 4291 7307 9425 3975 9596 5011 1722 9373 2877 4184 9478 1662 8499 4432 4857 6731 5424 7077 2328 6118 6165 6529 299 7308 6451 3010 8490 926 8647 3809 7049 1895 8165 3540 4178 3447 1918 9362 9368 2134 7896 2316 1173 2561 206 3072 6391 2100 5772 870 101 4424 5733 7456 1815 6179 7873 8787 1071 3461 2936 3026 4798 298 5306 8307 6852 6405 5652 148 7895 1877 
105 3440 8832 6860 9430 3719 3985 3605 8705 6200 2596 4766 1399 5222 2397 4588 5853 5144 707 6282 4869 4791 2829 212 3549 1695 9256 7926 3442 4165 9984 5504 4257 9442 9607 6647 9655 2919 6541 3125 3035 5915 6779 1564 8662 3739 2490 2409 4045 3434 9181 9869 3682 8951 9717 3776 273 2138 5659 2267 2346 1548 5765 289 9678 2888 9574 4565 7152 7280 5123 5665 6350 4985 4003 8342 7807 1550 7468 7311 5782 8314 4435 6301 2130 6680 1616 3176 4043 4210 2466 3084 2419 7476 1806 9040 6934 9472 2662 7560 2773 2087 3906 9448 3662 8409 
1 7920 
15 4401 9556 362 6758 5145 3147 8614 6637 3879 9996 2824 4215 2217 9381 2484 
1 7908 
61 9797 39 5447 7093 3450 8774 1349 2572 7082 7461 5877 6769 5735 7236 6485 3098 5590 8530 4129 5023 1195 9829 2515 4551 2500 1313 8226 3052 5440 6908 7706 6627 1405 890 5381 7961 8743 5261 8618 3398 8034 2190 9091 1834 9544 6528 9560 847 6644 8393 3940 869 7879 7559 4412 1508 1439 1696 8996 7129 6019 
1 4539 
1 5958 
1 4517 
104 1141 7096 4169 922 9316 7954 6576 828 7587 6113 5366 1932 4373 2906 9298 849 9985 8118 5556 2800 3942 915 4521 9804 3324 5109 8375 1070 22 8385 9507 764 1958 8144 6201 1935 7154 1864 6498 3257 9087 7181 5355 8692 363 2387 7300 4999 1457 2427 71 5543 6748 8162 4906 7684 7977 3165 5348 6997 7993 7686 6949 5538 452 5019 5547 8414 7826 7347 8812 8245 1056 438 8384 2308 6268 360 19 4676 9959 8291 6041 3857 7763 325 8516 9346 2240 9092 5131 7509 9916 1992 9929 5305 7567 7582 7001 3231 4605 3800 4075 9877 
44 7957 1041 8145 2177 4849 4875 7375 1146 5548 2997 2336 478 9383 3211 1393 1527 8556 1725 2480 4982 4485 2029 895 935 6375 6173 7608 4941 2494 8048 7712 2974 2833 4253 2514 2008 9663 6106 8429 3424 1129 604 6377 5250 
1 5922 
30 5875 3571 8619 2264 2321 9671 4651 8025 6886 99 2595 8216 3043 770 6314 9474 8077 5272 7775 3065 1510 3753 3095 535 7182 2778 3530 1450 9918 8932 
47 3536 8536 3971 4842 2415 2124 1367 2739 1320 7791 8058 2799 9634 1227 4403 1291 6914 430 6204 2007 8537 5667 5397 6565 2951 4038 2065 6017 1536 5539 9569 2127 6346 9593 8860 3369 4963 9964 5192 7537 3068 1930 5577 3597 6806 1327 6670 
1 5246 
1 8388 
1 7690 
1 8107 
1 9113 
9 394 1180 9118 2757 2697 9102 6108 8542 3253 
2 984 8684 
1 1720 
1 2872 
21 1545 6881 8857 2725 6564 7718 9116 7892 5200 5249 3615 9620 1298 6823 4515 5689 5808 4118 5936 5216 2882 
1 2753 
22 8150 2856 9564 1911 6653 614 1277 2181 1914 6608 4125 4549 7207 1523 3296 6589 8323 8805 7669 7019 6526 8729 
20 1082 715 9047 8106 8457 6308 7386 7666 6333 3973 4746 7321 9299 9201 8596 2115 7634 661 5629 9452 
94 9321 9274 4804 3311 5223 9340 6873 3374 1501 7622 3559 5132 2272 8847 3841 5785 6093 1108 1446 9501 7771 2164 2357 9220 7365 8217 7698 8660 5606 6337 4399 2644 3396 9750 2259 1385 8610 9612 3462 9089 2522 8867 5152 6554 2587 9207 1157 1494 2880 7577 9013 1885 4290 4871 2497 923 5822 9800 3359 4177 7491 5690 735 7137 4714 9418 6537 9453 582 912 3639 1934 5844 2981 4430 4346 4936 7164 9388 6568 4625 6651 7276 354 7770 2967 8861 5786 6903 6208 8054 7055 7591 9333 
1 5602 
101 9890 334 9216 3725 7571 9767 222 8914 751 9456 6023 9876 6417 467 6988 7663 8290 2763 2227 6694 6926 2639 8926 5169 7880 1052 8076 5323 7293 3050 1017 8710 2386 1954 3522 8082 8997 1443 7527 8070 7786 7281 8011 9242 7766 1414 4350 7156 7226 9065 3112 8171 8161 5791 1542 4234 5757 2111 3485 3807 4230 6061 4073 9007 7731 5948 4518 4779 5638 9880 6839 1821 4496 3382 1847 9978 8713 1057 7996 4544 2894 5710 5238 6749 370 6247 8009 3413 3864 4711 8321 3310 7221 7618 9521 2362 711 1006 3837 9642 8426 
1 7396 
6 4925 79 1162 9659 6998 4819 
18 6357 761 1309 1576 2421 2084 4157 76 312 6315 9840 7373 6365 2153 6583 4058 5754 8380 
50 5658 8420 8559 8164 6452 3474 5060 3215 8572 3604 904 3439 5709 2889 5790 7761 8123 898 4022 8127 1345 9402 4582 7206 6171 5717 5807 259 3901 1761 3521 918 9911 9765 2627 4019 983 6496 9083 8771 574 75 7260 114 4029 5335 2893 8084 7956 8770 
1 1323 
1 1184 
15 8808 8262 9510 905 2749 1698 7949 7943 6492 651 5594 461 4297 3057 3358 
1 316 
17 9970 9598 6804 5458 1266 8775 4434 5230 5692 9009 4882 2987 9276 855 3507 6673 3102 
27 7405 344 2157 9100 9739 5581 3239 3067 1289 672 3204 2017 9060 9873 5067 423 7997 231 3818 7601 7595 205 683 64 9595 1101 5276 
1 6771 
23 2689 6811 8843 3286 1117 2628 4599 7499 2658 1329 2990 6943 4682 921 9355 9307 6717 5284 4894 5571 3810 6760 8100 
1 8229 
1 8612 
1 2582 
5 7112 4585 8113 1223 9796 
1 6929 
26 4758 2625 6877 9369 5930 3355 753 6287 2189 3691 9458 7070 6661 8149 1212 4845 5042 1799 7333 2663 7444 5623 245 2366 7701 7495 
39 6710 1582 5642 1943 4235 4700 7212 7658 9283 3330 7696 3730 5124 6232 3627 8680 4405 2944 4206 6695 4652 5738 7246 4955 3685 7505 4590 7150 3457 4771 6170 1308 3542 4240 3200 4090 469 756 4806 
43 795 365 4321 5593 185 1183 8305 1663 8501 3071 1780 3414 7548 2828 3484 7360 4911 4748 2178 3054 1775 5508 9134 2857 7839 3208 8956 1075 2618 4683 9701 3840 5823 4202 8068 4614 1919 7903 5866 6453 3000 2742 9377 
1 7850 
16 7776 4463 2844 914 9088 2791 3980 6431 4167 1086 5219 361 6837 8336 4968 3034 
1 8392 
1 2035 
16 2651 1945 4196 2183 9468 8768 5582 5214 6324 7041 8749 6539 9311 7094 1154 7682 
26 7142 9045 4406 7091 5311 4348 5615 4328 5050 4821 8883 4371 2443 6380 8837 2389 3351 3228 6833 4142 1736 1621 1905 41 8007 608 
1 6002 
1 5173 
1 3717 
43 4082 1337 9961 2591 3964 8902 7239 6491 3504 9793 3135 7250 8987 6592 1993 583 326 8274 2978 3096 3290 2552 4702 1953 4740 1416 7422 9144 920 6293 8939 6965 6182 6835 5953 1540 8295 9935 4312 5987 7692 692 9673 
36 9055 9726 4149 5614 549 2032 2283 8378 3031 1064 4635 9419 6707 2845 8255 4070 9266 623 1991 201 2405 480 1099 5625 1563 1389 419 2994 8555 1665 7143 8789 7994 5479 7362 9225 
10 1303 522 7756 9466 3120 6525 6947 6577 8148 8965 
141 45 6255 1090 8074 2175 4661 7411 3238 4715 9344 2220 7259 50 1168 2400 3733 5522 2061 3888 9476 3301 2107 7547 4441 3941 6475 3995 9933 8063 5663 9059 4825 3622 7289 646 2536 5377 6217 9292 7038 9913 6369 9322 4850 6161 7074 8656 7952 679 2620 6803 2720 4232 139 2708 3683 6776 8683 3028 4839 3550 7338 3185 3202 3938 5188 613 7907 1421 7264 7552 2447 2392 3207 2670 1897 5923 8158 9676 2808 7445 3214 789 5157 7989 6863 3506 3915 2577 1202 6099 2489 451 1315 6588 2188 8334 5401 6944 11 1305 5933 7174 5291 3370 6087 8257 9805 7586 9686 2513 7040 4134 6285 1979 8611 8696 6462 6202 4237 5414 9164 2686 8650 3515 3601 607 5104 9768 8411 5107 9947 5980 7063 8254 5505 9749 7023 5813 4860 5513 
23 3388 2956 1211 4347 5490 7242 5004 5526 8664 7544 6466 2320 733 2222 410 8632 4261 5392 3180 4340 7095 8682 3790 
12 2076 189 2885 3574 9434 1335 8287 9297 9188 8275 8485 6619 
1 7966 
19 1852 4449 3415 3014 4319 2650 9122 6371 4499 9623 4335 1645 5657 7172 153 4407 8722 7490 9830 
17 3379 5691 4153 3371 6967 6987 8312 9588 7178 5774 3008 8373 5415 1570 9193 5961 1875 
1 186 
1 6122 
1 3638 
1 722 
49 2085 9048 1418 5883 571 7493 2659 2735 5009 7488 8360 2113 3847 6065 5186 1794 4559 5175 8422 8564 4872 6018 2448 3365 7983 1519 8582 7025 8600 4101 1294 3003 5362 4150 1920 640 8999 6022 3812 542 5297 5231 8788 4883 2831 3750 3154 5178 8845 
1 2254 
1 3073 
1 7003 
1 5498 
18 6263 588 594 9928 5150 8338 1522 497 5047 4603 5565 992 5299 8180 8574 5196 5651 8363 
1 7700 
88 3104 7646 4135 520 9093 8985 86 7614 9441 8588 7088 2457 7932 8480 7387 5472 7392 7580 9751 267 3558 8747 7889 3722 3376 3116 6326 8648 8897 5055 3803 366 9865 6602 2535 621 2284 4665 6444 2952 3225 6476 9821 786 7326 8621 8911 5089 2732 3813 9264 4457 6188 2478 1005 924 2420 9140 7269 5784 6306 3538 4965 2567 8112 3876 4680 6172 1873 4519 1482 1981 1881 1949 9615 9661 6175 3673 6974 324 5078 9674 2033 2273 5618 9103 1841 2174 
2 6448 6558 
1 105 
119 719 6766 2248 6514 6584 2531 1983 5136 9174 4286 5926 5374 7340 2060 4826 4765 3411 9908 6723 6069 9897 6793 5753 6047 1925 6219 4310 3616 2950 8094 7638 2083 8863 3289 8446 5341 3254 3823 9146 1984 5553 8960 3732 7371 3033 7803 5946 6463 6030 2606 6878 7197 3309 6895 1276 6397 399 2983 214 6792 9931 9613 705 2424 6120 3992 1506 877 7810 2285 7078 8963 2722 3438 1281 2235 371 1869 802 2617 6413 1773 1975 4224 4863 880 6024 4445 6517 1687 8824 9843 9143 448 1363 1072 2481 822 4366 7665 6735 455 9779 5636 9239 7419 5824 181 1565 1596 9062 8784 8059 5527 5644 852 382 272 1397 
1 937 
22 6233 6489 2208 5897 3998 127 9667 4213 475 7463 459 781 9693 8871 2502 1955 3960 7366 6157 7923 5361 7521 
18 6856 8886 5515 856 7554 4800 2411 5662 9169 5779 9070 8276 1811 7741 8973 9161 4602 4866 
47 629 1321 8437 8560 8182 9600 2683 3894 8278 7716 5892 8826 6530 9337 1966 2306 9679 3441 2081 5834 5220 1256 4011 7510 1870 2172 9387 6196 2848 7305 3115 5591 8703 9650 1404 2886 6240 2681 8509 46 5950 8782 6534 7970 2850 1376 7100 
13 933 2276 1892 3687 8856 6650 8387 1619 6144 5674 9723 1718 7322 
1 9784 
91 9696 1437 3227 9127 9185 9349 4329 9147 6732 6111 8969 5263 4231 4357 193 9616 8461 9987 6292 9614 2225 3650 7416 7119 9320 5333 9196 7798 3759 3383 8157 3848 543 1440 727 5339 1176 2730 2937 113 9330 6660 5501 908 4658 3103 2193 6807 6091 8675 8086 4525 4394 5697 8686 5012 2187 5183 2299 1668 1234 9969 44 1748 3770 1755 3151 2945 1851 8773 790 3713 5316 9232 1713 7118 6477 9875 9789 5242 6070 8895 668 4440 5363 9903 5795 3378 4013 1702 2453 
18 7190 4827 1126 564 6814 6945 9680 7934 2383 514 2915 978 5775 5928 6478 4173 5902 699 
14 5327 7048 9072 1669 1460 5849 8496 2246 7805 4907 9776 4940 4881 1078 
77 4543 6101 4427 6481 2761 4084 4640 4250 4808 8441 1644 2654 136 5086 5693 7034 6693 2979 7561 5773 3502 5459 4789 2655 32 9073 9210 1498 900 6744 1484 2251 9775 774 539 146 7973 2341 1110 4929 4203 302 3976 5766 106 2957 6336 4382 6593 1673 3015 4898 3449 1324 6927 1836 4721 9502 5530 9901 3994 894 4225 8761 3926 8028 1828 8674 5747 5264 2537 4042 7196 2949 3089 8075 5715 
31 4950 891 7652 7677 2233 1480 9230 1459 2200 7104 145 3806 6484 7900 9148 2862 2977 2347 226 8174 223 6220 1475 4300 9981 1128 3948 6573 5099 2296 2796 
128 6599 2779 1235 7377 4477 3426 2750 655 5376 9273 7166 1921 9783 8128 4853 5758 6703 5140 561 3902 2939 5711 9257 2859 6497 8668 7414 144 6456 2438 250 2633 7868 4933 587 7859 3748 2819 5947 2114 4483 7768 5303 5562 1400 3195 838 1995 9839 2092 4171 3999 769 5725 6643 5227 8848 6299 2256 7743 9649 1065 4313 4730 7292 1486 1766 927 7841 9799 7746 2244 6605 4576 8155 4127 6124 5187 4087 5038 1088 2268 9449 7062 4729 216 3124 3514 7162 3221 4552 5283 3106 10 8259 1615 9497 8931 4693 7730 9835 3174 7886 6203 5408 4899 9845 1967 1353 2610 2726 4284 2798 8467 4139 1507 5810 3819 9171 5294 9205 8196 6757 5180 2210 5463 6696 5386 
9 5118 9347 2780 7796 700 7750 9269 1479 3397 
1 8567 
1 1939 
53 3268 1307 3589 5700 9606 8873 6704 6963 7357 9094 7628 8759 9668 7469 341 5427 8208 8583 599 8280 8104 9345 8448 7169 7978 7413 5083 484 4586 1033 1000 3675 2759 5804 6827 9759 2530 9566 8605 8665 8390 3294 440 6706 439 7388 2112 1874 9514 9682 4287 7417 1910 
16 7466 6996 4288 322 5540 844 8021 3979 2540 1850 7654 1812 1458 5616 8672 8626 
1 2839 
